序号,平台名称,变化,等级,综合评分,信披评分,合规评分,期限,利率,上线时间,所在地区,偿兑性,资金流入率,运营,地域性,投资,借款,流动性
1,宜人贷, 0,A+,93.48,70.0,83,2.96,11.63,2012-07-01,北京,9.74,1176.27,35.82,24.3,2.1,2.53,235.46
2,陆金服, 0,A+,91.48,85.0,83,3.12,8.25,2012-06-01,上海,7.9,7.2,72.38,25.33,0.99,2.35,19.67
3,拍拍贷, 0,A+,90.01,72.5,73,0.8,14.72,2007-06-01,上海,5.65,-44.75,24.81,25.33,0.18,0.57,51.49
4,微贷网, 1,A+,88.39,85.0,77,0.39,7.49,2011-08-01,浙江,6.67,4.23,54.39,18.42,0.51,1.17,101.69
5,开鑫金服, 1,A+,88.16,65.0,100,1.41,6.93,2012-12-01,江苏,14.1,14.62,0.64,3.59,0.84,2.91,16.83
6,投哪网, 1,A+,87.61,62.5,77,0.96,8.61,2012-07-01,广东,11.35,-29.9,12.47,24.28,1.7,2.36,32.24
7,人人贷, -3,A+,86.48,85.0,83,2.45,9.5,2010-10-01,北京,8.26,310.59,18.72,24.3,2.15,2.75,50.76
8,团贷网, 2,A+,85.49,66.25,72,0.66,9.45,2012-07-01,广东,7.61,20.65,45.0,24.28,2.43,3.88,34.33
9,凤凰金融, 2,A+,85.18,44.5,84,1.15,6.75,2014-12-01,北京,5.44,-30.84,18.9,24.3,3.78,10.22,441.62
10,宜贷网, -2,A,84.85,87.5,72,0.2,10.47,2014-01-01,上海,7.03,5.95,74.63,2.82,1.86,8.18,12.33
11,点融网, 1,A,84.61,85.0,67,2.33,13.94,2014-11-01,上海,7.91,6.09,20.12,25.33,0.21,0.92,0.54
12,小赢网金, -3,A,83.74,70.0,67,0.96,7.59,2014-08-01,广东,5.84,47.03,41.55,24.28,0.52,0.98,114.67
13,爱钱进, 1,A,83.48,65.0,83,2.98,10.29,2014-05-01,北京,15.74,65.84,42.11,24.3,1.43,1.81,26.7
14,有利网, -1,A,83.13,78.75,83,1.79,9.42,2013-02-01,北京,11.41,48.98,21.46,24.3,0.61,0.81,81.98
15,海融易, 1,A,82.81,52.5,68,0.52,7.31,2014-12-01,山东,4.4,-56.59,3.28,2.61,4.07,9.26,76.7
16,你我贷, 3,A,82.27,87.5,78,1.07,10.43,2011-06-01,上海,12.33,7.49,22.78,25.33,0.41,0.66,55.61
17,麻袋理财, 0,A,81.49,80.0,78,1.64,8.61,2014-12-01,上海,12.53,-196.9,4.46,25.33,0.22,0.77,14.98
18,翼龙贷, -3,A,81.07,82.5,83,1.09,9.03,2011-04-01,北京,7.42,-24.02,15.79,24.3,1.06,2.19,68.13
19,积木盒子, -1,A,80.62,85.0,83,1.13,8.85,2013-08-01,北京,22.31,-70.31,20.24,24.3,0.25,0.43,7.16
20,博金贷, 3,A,80.31,80.0,72,0.23,6.24,2014-09-01,江西,12.8,6.17,20.39,0.42,1.79,8.02,23.67
21,PPmoney网贷, 0,B+,79.87,80.0,83,0.42,9.14,2012-12-01,广东,4.85,-9.93,18.01,24.28,0.52,0.63,55.4
22,小牛在线, -2,B+,79.8,72.5,77,0.5,9.57,2013-06-01,广东,5.52,36.66,40.36,24.28,2.49,4.2,65.18
23,和信贷, 1,B+,79.16,75.0,83,0.11,11.07,2013-08-01,北京,14.7,-13.46,9.1,24.3,4.81,10.74,14.93
24,鑫合汇, -2,B+,78.64,67.5,94,0.07,7.39,2013-12-01,浙江,6.44,-2.28,100.0,18.42,0.9,11.56,7.17
25,道口贷, 2,B+,78.33,72.5,83,0.33,8.21,2014-12-01,北京,8.81,22.75,6.81,24.3,3.07,7.22,108.43
26,银湖网, 0,B+,78.28,60.0,77,3.1,12.02,2014-07-01,北京,3.28,41.78,5.48,24.3,1.32,2.32,0.47
27,民贷天下, -2,B+,77.97,78.75,78,0.69,7.49,2014-12-01,广东,1.45,17.74,12.82,24.28,0.34,1.01,2.81
28,东方汇, 0,B+,77.17,60.0,67,0.44,5.5,2014-06-01,上海,1.1,-16.07,5.62,25.33,2.63,8.95,1.34
29,友金所, 4,B+,76.51,60.0,78,3.4,9.0,2014-10-01,广东,17.99,77.8,9.73,24.28,4.99,4.47,14.4
30,金开贷, 2,B+,76.21,85.0,89,0.79,7.68,2013-12-01,陕西,2.88,-39.41,0.61,0.16,3.47,7.52,1.7
31,玖融网, 3,B+,76.14,43.0,94,0.84,11.41,2013-07-01,湖北,9.28,37.81,1.45,1.2,2.94,3.46,8.41
32,财富星球, -2,B+,75.95,82.5,88,0.62,8.42,2013-10-01,北京,11.59,15.33,1.74,24.3,4.04,6.86,2.54
33,融金所, -4,B+,75.7,37.0,71,0.53,9.77,2013-05-01,广东,8.77,0.52,7.87,24.28,2.44,4.55,46.36
34,短融网, 1,B+,75.59,77.5,78,1.36,10.32,2014-06-01,北京,3.49,52.35,2.45,24.3,2.32,2.48,5.38
35,人人聚财, -4,B+,75.37,43.0,72,1.12,9.8,2011-11-01,广东,6.82,28.07,5.51,24.28,9.73,2.8,28.05
36,生菜金融, 2,B+,75.02,29.0,67,0.36,9.1,2014-09-01,上海,7.66,10.22,9.52,25.33,0.43,1.03,2.25
37,理财范, -1,B+,73.45,70.0,78,0.67,9.1,2014-03-01,北京,4.11,13.32,4.16,24.3,2.32,4.52,5.27
38,付融宝, -1,B+,73.11,62.5,89,0.96,10.86,2013-11-01,江苏,2.23,-2.24,3.51,3.59,2.26,3.65,1.7
39,爱钱帮, 2,B+,72.79,67.5,77,0.29,9.9,2014-03-01,北京,5.0,-1.87,7.18,24.3,1.71,3.22,88.17
40,众信金融, 0,B+,72.44,42.5,62,0.59,8.5,2014-06-01,北京,1.16,-230.44,0.02,24.3,1.14,1.36,40.34
41,首金网, -2,B+,72.15,77.5,83,1.24,9.16,2015-12-01,北京,1.09,-150.54,2.28,24.3,0.44,0.78,4.59
42,银豆网, 2,B+,71.78,60.0,83,1.21,12.85,2014-02-01,北京,8.27,70.38,5.15,24.3,1.09,5.11,8.97
43,广信贷, 2,B+,71.59,65.0,77,0.87,11.98,2013-01-01,北京,7.24,81.79,3.25,24.3,1.12,2.63,20.86
44,拓道金服, -2,B+,71.37,80.0,94,0.33,9.15,2013-12-01,浙江,17.45,15.61,6.71,18.42,1.53,3.18,22.19
45,红岭创投, -2,B+,71.26,57.5,77,0.18,8.68,2009-03-01,广东,5.91,-2.09,45.88,24.28,3.0,9.48,216.86
46,联金所, 2,B+,70.77,50.5,79,2.47,12.08,2013-11-01,广东,6.06,4.75,1.88,24.28,0.92,1.89,0.33
47,口袋理财, 0,B+,70.34,35.0,67,0.08,8.27,2015-11-01,上海,6.61,-33.26,23.78,25.33,0.26,0.5,17.3
48,图腾贷, 1,B+,70.15,70.0,84,0.4,12.7,2014-09-01,四川,11.47,39.23,5.3,2.82,0.79,2.57,16.29
49,铜掌柜, 1,B,69.85,77.5,94,0.22,7.42,2014-10-01,浙江,11.3,-50.87,3.73,18.42,4.44,7.97,17.91
50,链链金融, -4,B,69.76,77.5,83,0.92,6.0,2014-11-01,北京,2.82,73.9,1.64,24.3,0.67,1.49,3.33
51,米缸金融, 0,B,69.66,62.25,61,0.86,7.82,2015-02-01,上海,18.28,-133.78,1.96,25.33,2.99,6.04,1.87
52,理想宝, 2,B,69.49,67.5,78,0.38,10.02,2014-05-01,广东,6.77,20.11,4.74,24.28,2.09,3.41,7.19
53,向上金服, 3,B,69.34,77.5,66,0.26,9.62,2013-08-01,北京,0.41,102.78,31.53,24.3,8.38,28.38,0.01
54,e融所, -2,B,68.72,51.5,72,0.47,10.25,2015-11-01,广东,15.08,33.33,7.54,24.28,1.98,3.84,6.3
55,广州e贷, -2,B,68.58,77.5,95,0.89,9.35,2015-01-01,广东,4.0,-20.3,0.85,24.28,1.55,2.69,1.78
56,联连理财, 2,B,68.28,42.5,67,0.14,15.74,2015-12-01,上海,5.28,11.28,6.04,25.33,0.16,0.51,6.36
57,奇乐融, -2,B,68.06,82.5,67,0.55,6.86,2015-10-01,安徽,0.6,69.34,1.22,0.5,0.76,2.17,5.8
58,可溯金融, 2,B,67.63,65.0,82,0.27,9.1,2014-09-01,浙江,10.3,25.65,6.0,18.42,2.01,3.62,18.98
59,万盈金融, 2,B,67.47,70.0,66,0.85,11.53,2015-05-01,广东,9.65,30.8,2.98,24.28,3.26,4.77,4.19
60,鹏金所, -3,B,67.41,48.0,89,0.73,6.8,2015-01-01,广东,8.74,-419.59,3.93,24.28,2.04,5.76,0.91
61,e路同心, 3,B,67.29,46.5,67,0.97,11.73,2014-08-01,广东,5.17,-16.35,4.82,24.28,0.35,0.71,2.67
62,汉金所, -3,B,67.17,45.5,67,0.88,8.09,2015-03-01,湖北,1.05,27.56,0.5,1.2,2.03,6.5,0.39
63,果树财富, -1,B,67.02,52.5,78,0.75,11.95,2014-08-01,广东,10.88,18.18,1.35,24.28,1.86,2.41,3.06
64,抱财网, 1,B,66.92,67.5,72,0.91,9.27,2014-03-01,北京,3.17,67.77,3.19,24.3,6.52,12.81,10.37
65,钜宝盆, -2,B,66.72,68.75,72,3.48,8.0,2015-05-01,上海,8.01,17.83,6.58,25.33,0.83,3.01,9.22
66,立业贷, 2,B,66.57,75.0,78,0.99,12.53,2014-02-01,广东,7.62,9.41,0.68,24.28,2.17,3.04,7.92
67,中瑞财富, -1,B,65.42,21.5,78,0.2,7.5,2014-05-01,北京,8.09,-0.02,5.72,24.3,8.93,27.15,7.34
68,珠宝贷, 1,B,65.01,62.5,89,0.34,10.12,2014-09-01,广东,2.44,-18.32,2.34,24.28,6.87,18.25,0.75
69,合拍在线, 2,B,64.96,72.5,72,0.64,11.02,2012-06-01,广东,2.75,-23.18,1.13,24.28,7.26,17.92,3.43
70,金联储, 3,B,64.69,71.5,88,0.17,10.42,2014-09-01,北京,2.98,35.88,7.59,24.3,4.19,9.95,10.66
71,永利宝, -4,B,64.58,70.0,56,1.21,9.76,2013-11-01,上海,4.79,33.67,1.65,25.33,2.82,4.42,2.27
72,杉易贷, -2,B,64.35,76.5,78,0.58,9.72,2014-09-01,广东,14.37,8.13,1.16,24.28,1.5,3.5,1.85
73,沪商财富, 1,B,64.17,44.0,84,0.72,13.87,2014-06-01,上海,7.33,39.77,1.48,25.33,2.42,4.5,16.99
74,91旺财, -2,B,63.95,82.5,78,0.17,7.14,2014-03-01,北京,9.18,-0.67,13.81,24.3,2.72,8.06,270.76
75,看看钱包, 1,B,62.38,35.5,84,0.33,8.64,2015-06-01,湖南,10.98,18.55,0.36,0.23,18.26,43.94,4.2
76,民投金服, -1,B,62.14,72.5,78,0.3,6.94,2015-01-01,广东,12.56,29.72,2.45,24.28,3.04,5.27,1.35
77,网利宝, 2,B,61.8,48.0,0,0.44,8.2,2014-09-01,北京,5.39,13.54,9.34,24.3,6.16,11.38,24.3
78,信用宝, 2,B,61.2,53.0,78,0.87,12.05,2013-05-01,北京,15.45,24.85,14.42,24.3,1.48,65.33,5.11
79,合众e贷, -1,B,60.42,0.0,0,0.06,10.09,2015-11-01,广东,38.43,9.03,14.25,24.28,0.16,0.53,6.51
80,新联在线, -3,B,60.39,50.5,72,0.42,11.2,2013-07-01,广东,1.27,47.41,2.73,24.28,2.95,7.23,7.43
