序号,平台名称,等级,得分,偿兑性,资金流入率,利率,运营,期限,地域性,投资,借款,流动性
1,陆金所,A+,94.3,13.63,61.46,6.87,100.0,2.77,27.88,0.47,2.13,111.89
2,宜人贷,A+,90.17,11.94,55.25,11.74,5.3,5.06,22.51,2.22,2.45,120.84
3,拍拍贷,A+,88.91,16.23,35.1,14.78,2.51,1.85,27.88,0.23,0.55,115.29
4,微贷网,A+,87.52,12.68,19.23,9.53,10.44,0.43,13.52,1.17,2.75,21.11
5,人人贷,A+,86.72,9.07,5.09,9.17,2.43,3.11,22.51,4.58,4.43,128.58
6,开鑫贷,A+,85.57,9.76,22.27,6.67,0.88,2.15,2.7,2.94,7.4,41.17
7,投哪网,A+,85.08,6.69,47.35,10.79,3.39,1.49,25.13,2.0,2.93,75.54
8,宜贷网,A,84.12,9.37,9.34,10.75,8.91,0.44,2.12,1.61,7.57,9.03
9,点融网,A,83.65,12.11,39.5,9.23,7.7,2.31,27.88,0.03,0.87,335.96
10,凤凰金融,A,83.18,13.66,49.67,7.34,11.06,0.71,22.51,1.54,3.59,883.4
11,有利网,A,82.52,7.16,47.29,9.96,2.74,2.89,22.51,1.25,1.13,263.35
12,小赢理财,A,82.08,34.49,-156.62,6.64,9.81,0.88,25.13,0.76,2.07,140.84
13,积木盒子,A,82.03,6.59,26.85,8.2,2.34,1.06,22.51,0.28,0.46,447.39
14,东方汇,A,81.53,6.86,4.24,5.09,5.33,0.3,27.88,1.99,9.94,35.53
15,麻袋理财,A,81.18,9.17,34.82,8.97,5.42,3.21,27.88,0.43,0.85,282.67
16,爱钱进,A,81.12,14.11,80.41,11.94,4.38,4.91,22.51,0.5,2.16,45.3
17,海融易,A,81.08,8.21,75.88,8.11,2.29,0.68,2.71,4.86,37.17,176.85
18,翼龙贷网,A,81.04,14.61,27.65,11.71,4.59,2.21,22.51,1.11,2.71,193.21
19,PPmoney,B+,79.75,5.48,2.18,9.31,6.31,1.4,25.13,0.7,0.99,81.5
20,银客理财,B+,79.5,7.02,-215.0,8.56,0.41,0.76,22.51,3.67,5.84,66.27
21,金开贷,B+,78.99,6.49,17.09,7.87,0.32,1.1,0.15,5.16,15.25,48.59
22,链链金融,B+,77.34,1.04,-263.82,6.01,0.7,0.3,22.51,1.26,4.03,0.88
23,红岭创投,B+,77.28,5.22,-7.45,8.73,7.82,0.3,25.13,2.33,6.34,180.89
24,北京众信金融,B+,75.56,9.81,-12.83,7.9,1.77,0.55,22.51,6.14,21.58,149.26
25,短融网,B+,74.64,7.11,21.01,10.52,0.7,0.6,22.51,9.6,3.92,7.89
26,你我贷,B+,74.4,10.07,22.73,11.25,3.9,3.55,27.88,0.88,1.32,69.07
27,小牛在线,B+,73.7,8.89,-9.19,10.15,9.34,0.42,25.13,2.47,4.63,34.55
28,民贷天下,B+,73.68,6.49,8.14,7.94,5.53,0.59,25.13,0.9,1.44,8.75
29,理财范,B+,73.32,8.07,23.34,9.47,1.38,0.84,22.51,5.52,9.48,169.03
30,团贷网,B+,72.78,9.81,30.73,11.46,9.59,1.16,25.13,2.69,4.82,56.72
31,91旺财,B+,71.88,15.98,10.38,7.79,2.69,0.23,22.51,4.47,9.28,1.92
32,玖融网,B+,71.87,10.46,43.26,11.96,0.47,1.67,0.92,1.79,3.74,11.26
33,道口贷,B+,71.72,8.22,36.34,9.06,1.13,0.69,22.51,3.61,8.81,43.34
34,恒大金服,B+,71.57,90.61,16.38,6.85,1.22,2.47,25.13,5.65,16.48,0.12
35,生菜金融,B+,71.54,4.02,-0.28,8.68,0.94,0.55,27.88,1.39,4.52,16.91
36,铜掌柜,B+,71.29,3.63,16.84,8.84,2.09,0.61,13.52,9.85,16.79,54.07
37,银湖网,B+,70.81,2.47,-481.4,10.31,0.05,1.27,22.51,4.34,4.24,3.63
38,理想宝,B+,70.61,5.77,6.3,9.67,1.16,0.44,25.13,6.13,12.94,4.44
39,诺诺镑客,B+,70.5,14.78,19.09,11.38,0.73,2.38,27.88,0.79,0.94,27.87
40,广州e贷,B+,70.13,8.62,8.52,9.85,0.37,0.91,25.13,2.73,6.33,1.51
41,和信贷,B,69.41,6.6,42.61,13.43,0.89,1.2,22.51,4.71,7.84,13.32
42,鑫合汇,B,69.25,13.56,1.59,8.72,15.91,0.19,13.52,25.91,91.7,59.99
43,人人聚财,B,67.19,3.46,-10.81,11.26,0.85,0.96,25.13,8.95,2.72,29.97
44,付融宝,B,66.83,6.99,10.58,10.61,0.75,0.99,2.7,24.42,8.65,93.52
45,广信贷,B,66.55,11.0,55.14,13.08,0.72,1.34,22.51,2.06,5.13,9.21
46,万盈金融,B,66.32,15.74,43.81,12.9,0.57,1.5,25.13,2.65,5.22,6.6
47,珠宝贷,B,65.69,8.6,7.31,11.11,1.39,0.54,25.13,8.89,19.55,0.87
48,腾邦创投,B,65.53,1.94,-52.16,14.75,0.35,0.01,25.13,1.16,8.89,1.99
49,融金所,B,65.52,7.76,10.46,12.09,1.46,0.95,25.13,2.08,4.61,19.91
50,合拍在线,B,65.46,6.26,6.39,10.32,0.72,0.45,25.13,9.7,20.53,3.15
51,银豆网,B,65.15,16.64,9.54,12.87,0.51,1.79,22.51,4.54,13.71,144.29
52,向上金服,B,65.12,9.86,34.23,9.64,5.73,0.27,22.51,12.02,19.48,6.2
53,博金贷,B,64.87,9.54,63.51,5.38,2.47,0.23,0.37,3.74,15.38,7.24
54,钜宝盆,B,64.34,7.0,60.59,8.0,2.37,5.34,27.88,1.8,3.09,19.56
55,奇乐融,B,63.83,12.99,-11.6,6.87,1.07,0.5,0.44,2.99,10.43,4.43
56,中瑞财富,B,63.25,6.02,-5.2,7.34,0.99,0.33,22.51,9.02,30.95,18.11
57,抱财网,B,62.87,5.07,18.09,11.93,0.52,0.99,22.51,8.79,15.55,15.89
58,联连理财,B,62.59,23.5,2.89,9.25,1.49,0.16,27.88,0.41,1.04,0.12
59,大麦理财,B,62.39,2.44,-4.5,9.66,0.43,0.64,25.13,26.96,44.77,28.21
60,友金所,B,62.25,9.63,5.32,9.67,0.33,5.2,25.13,17.64,7.31,13.25
61,拓道金服,B,62.15,14.91,15.56,12.56,0.63,0.57,13.52,1.16,2.6,1.82
62,信融财富,B,62.12,7.4,19.71,13.14,0.9,1.12,25.13,1.58,3.51,132.48
63,华人金融,B,62.05,6.23,39.33,8.17,1.8,0.54,25.13,22.05,46.63,0.53
64,果树财富,B,62.04,8.09,33.8,15.11,0.22,0.98,25.13,1.81,2.34,20.28
65,首金网,B,61.57,82.32,39.31,8.4,6.26,0.42,22.51,3.34,12.68,2.69
66,口贷网,B,61.57,0.03,104.72,16.45,0.35,0.77,2.12,9.92,28.02,0.01
67,口袋理财,B,61.41,3.15,57.71,8.14,4.98,0.65,27.88,0.39,0.7,73.98
68,看看钱包,B,61.24,16.97,-6.48,8.52,0.05,0.59,0.21,2.55,5.27,0.91
69,一起好,B,61.15,4.73,-22.28,12.52,0.44,1.29,0.92,1.16,1.84,22.78
70,汉金所,B,60.84,7.12,-24.44,8.05,0.28,0.9,0.92,2.63,7.14,0.15
