序号,平台名称,等级,得分,偿兑性,资金流入率,利率,运营,期限,地域性,投资,借款,流动性
1,陆金所,A+,89.9,35.56,2.78,7.96,15.35,30.3,12.6,1.02,6.01,6.15
2,宜人贷,A+,88.54,37.34,2.35,11.62,17.62,34.01,27.05,7.83,6.7,47.89
3,人人贷,A+,87.14,36.64,68.76,9.85,14.81,23.92,27.05,12.86,16.21,60.34
4,点融网,A+,86.44,40.14,54.15,8.08,14.26,13.04,12.6,5.02,37.64,6.67
5,投哪网,A+,85.61,28.96,24.27,10.91,21.53,5.74,32.7,4.36,7.43,20.27
6,开鑫贷,A+,85.08,26.93,1.34,8.48,13.78,10.02,2.35,6.88,110.98,65.3
7,拍拍贷,A,84.93,28.38,16.17,14.85,0.72,8.06,12.6,4.16,1.53,18.1
8,积木盒子,A,83.87,35.56,12.73,8.75,14.88,6.35,27.05,0.45,0.82,212.27
9,小牛在线,A,83.21,62.3,71.94,12.15,67.0,6.47,32.7,32.99,66.12,66.94
10,微贷网,A,83.13,36.21,15.13,11.01,30.47,2.73,12.16,1.4,6.44,6.69
11,有利网,A,82.79,49.95,47.83,10.22,15.09,18.39,27.05,1.63,0.86,156.7
12,宜贷网,A,82.11,43.65,2.83,10.95,50.05,1.57,2.32,2.32,46.35,4.0
13,爱钱进,A,81.99,47.67,93.38,13.48,17.93,35.2,27.05,5.63,5.21,15.7
14,麻袋理财,A,81.86,32.24,22.31,11.59,35.28,31.41,12.6,1.52,2.59,59.97
15,翼龙贷网,A,81.68,49.18,78.19,13.66,32.4,10.96,27.05,2.08,8.37,150.52
16,PPmoney,A,81.54,44.22,24.11,8.87,100.0,2.09,32.7,5.47,16.37,62.17
17,你我贷,A,80.02,38.82,78.19,11.7,16.62,30.62,12.6,0.65,0.75,38.3
18,鑫合汇,B+,79.13,28.26,-1.0,9.28,78.71,0.83,12.16,199.35,1445.09,82.85
19,红岭创投,B+,77.68,30.38,-11.89,10.36,74.9,1.76,32.7,11.17,89.26,142.0
20,金宝保,B+,76.86,36.87,36.08,7.91,8.74,8.51,1.01,24.39,206.08,44.08
21,链家理财,B+,75.71,36.42,18.44,8.22,101.95,2.21,27.05,4.74,87.48,52.79
22,诺诺镑客,B+,75.67,48.18,85.44,11.43,3.81,21.71,12.6,0.51,1.21,11.67
23,银湖网,B+,74.0,47.67,43.18,11.94,5.12,13.95,27.05,10.01,21.8,1.64
24,爱投资,B+,73.79,32.75,16.85,12.03,15.66,10.41,27.05,10.87,21.68,80.34
25,金开贷,B+,73.56,17.3,63.78,6.93,2.46,6.47,0.24,25.24,326.75,44.57
26,民贷天下,B+,72.32,56.92,11.39,8.3,22.11,2.1,32.7,1083.6,2269.09,3.8
27,银客网,B+,72.02,35.69,-95.17,9.67,10.03,5.14,27.05,4.7,22.24,52.29
28,德众金融,B+,71.51,43.37,57.82,9.2,6.28,16.22,0.24,9.84,72.09,57.03
29,北京众信金融,B+,71.3,27.27,45.56,11.05,15.31,7.22,27.05,79.86,899.78,201.66
30,短融网,B+,70.98,34.47,12.46,11.33,4.99,1.95,27.05,164.71,29.41,1.39
31,腾邦创投,B+,70.14,34.72,19.32,14.21,7.89,4.6,32.7,22.1,216.34,72.8
32,珠宝贷,B,69.13,25.25,14.75,13.94,11.67,2.76,32.7,132.02,568.48,0.31
33,理想宝,B,69.07,29.6,0.39,12.55,10.26,4.4,32.7,180.88,170.62,2.6
34,合拍在线,B,68.98,19.79,7.5,13.34,4.51,3.23,32.7,65.18,157.21,1.78
35,皮城金融,B,68.51,43.49,68.03,7.74,16.07,4.9,12.16,26.1,499.12,11.51
36,信融财富,B,68.34,34.83,29.99,15.53,6.19,5.53,32.7,4.53,8.7,61.26
37,网利宝,B,67.36,46.19,19.66,11.88,16.38,3.21,27.05,537.31,1229.06,7.21
38,团贷网,B,67.34,53.18,19.08,13.09,25.43,4.03,32.7,1.22,5.01,22.32
39,一起好,B,66.95,39.56,-3.14,14.99,7.36,4.89,1.09,5.22,15.99,23.73
40,银豆网,B,66.84,27.19,62.05,14.63,4.6,11.76,27.05,42.04,346.18,100.23
41,玖融网,B,66.53,33.61,3.95,15.13,1.76,4.61,1.09,6.31,11.5,3.38
42,铜掌柜,B,66.49,47.35,-6.41,10.46,31.48,1.48,12.16,104.22,271.88,2.83
43,鹏金所,B,66.32,43.03,8.71,7.7,28.24,3.51,32.7,92.01,455.86,0.9
44,招商贷,B,65.94,23.28,-10.61,13.31,7.29,0.16,0.48,23.24,90.12,0.01
45,邦帮堂,B,65.28,17.35,79.03,9.96,2.12,9.0,27.05,18.49,43.4,1.16
46,抱财网,B,64.16,56.56,-16.74,12.84,5.46,3.45,27.05,378.66,698.29,3.85
47,金融工场,B,63.24,48.06,-6.61,9.43,22.42,2.4,27.05,1473.07,3625.5,55.45
48,金联储,B,63.13,39.3,20.17,9.44,15.32,2.29,27.05,1462.85,1103.81,3.11
49,付融宝,B,62.94,61.53,9.54,12.12,6.45,4.67,2.35,160.58,309.91,57.1
50,温州贷,B,62.73,12.81,-22.23,9.52,3.72,1.21,12.6,14.28,91.63,8.36
51,银票网,B,62.54,32.22,3.16,7.81,13.72,0.8,12.6,41.5,330.47,0.65
52,91旺财,B,62.43,28.49,-3.51,8.3,9.59,1.85,27.05,10.6,153.7,2.11
53,生菜金融,B,62.35,33.67,36.52,8.92,3.22,5.24,12.6,15.15,13.74,11.84
54,道口贷,B,62.31,36.21,40.3,8.77,9.28,4.19,27.05,15.93,129.76,24.09
55,和信贷,B,61.84,28.63,-50.28,13.0,3.99,3.66,27.05,46.92,103.42,2.12
56,钜宝盆,B,61.04,84.11,86.99,10.0,28.16,27.62,12.6,1.26,11.45,12.91
57,中瑞财富,B,60.93,35.3,0.9,10.23,13.55,2.84,27.05,83.14,927.9,3.12
58,贷贷兴隆,B,60.79,30.69,-24.4,8.44,1.23,10.57,1.01,26.73,192.1,19.06
59,友金所,B,60.65,75.59,93.23,10.0,8.53,34.32,32.7,11.78,89.86,7.41
60,黄河金融,B,60.32,37.79,84.38,9.0,7.73,9.85,12.16,18.34,222.64,35.39
