序号,平台名称,等级,得分,偿兑性,资金流入率,利率,运营,期限,地域性,投资,借款,流动性
1,陆金服,A+,92.06,3.72,22.61,7.42,41.15,2.76,24.31,0.49,1.66,95.96
2,宜人贷,A+,91.27,10.87,53.38,11.79,10.15,3.96,24.22,2.58,2.41,113.63
3,人人贷,A+,88.84,8.08,32.54,9.28,4.24,2.86,24.22,3.48,3.17,107.73
4,开鑫金服,A+,87.98,8.11,30.58,6.67,14.86,1.69,3.02,3.39,17.92,38.67
5,微贷网,A+,87.26,12.93,7.62,8.52,31.27,0.31,15.66,1.21,2.82,52.08
6,小赢理财,A+,86.77,2.73,40.88,6.97,28.17,0.84,25.56,0.48,1.23,113.01
7,投哪网,A+,86.02,7.31,-0.8,10.03,5.26,1.14,25.56,2.57,2.93,39.81
8,拍拍贷,A+,85.88,21.71,53.94,13.58,9.76,1.38,24.31,0.2,0.55,131.25
9,宜贷网,A+,85.17,5.0,5.25,9.8,15.71,0.42,2.1,1.62,5.94,15.67
10,积木盒子,A,84.94,7.63,10.62,8.19,8.25,0.8,24.22,0.25,0.47,59.55
11,点融网,A,84.45,3.95,-83.63,7.95,0.26,1.06,24.31,0.04,0.12,3.09
12,爱钱进,A,83.93,12.87,71.04,11.39,11.68,3.89,24.22,1.15,1.91,10.72
13,凤凰金融,A,83.59,4.75,125.71,6.23,15.14,1.48,24.22,1.46,2.27,795.21
14,有利网,A,82.5,7.73,59.69,10.21,7.87,2.87,24.22,1.16,1.15,52.97
15,麻袋理财,A,82.33,11.59,33.69,8.7,15.3,2.47,24.31,0.44,0.84,10.06
16,翼龙贷,A,81.45,7.02,-90.36,10.49,4.12,1.94,24.22,1.48,2.64,59.31
17,Ppmoney,A,81.28,3.23,12.74,9.53,9.3,1.04,25.56,0.72,0.8,19.24
18,东方汇,A,81.27,8.89,12.77,5.13,9.57,0.29,24.31,1.61,13.0,0.84
19,你我贷,A,80.66,10.46,-1.37,11.24,7.41,2.55,24.31,0.15,0.89,37.43
20,民贷天下,B+,79.53,7.72,6.9,7.04,18.03,0.45,25.56,0.81,1.51,5.89
21,小牛在线,B+,79.34,5.78,-5.41,9.96,19.56,0.55,25.56,2.5,4.67,50.66
22,银客网,B+,78.77,1.67,-122.31,8.06,0.65,0.51,24.22,3.68,6.2,6.08
23,海融易,B+,78.38,14.42,79.89,7.5,8.04,0.6,3.08,4.87,40.18,147.88
24,北京众信金融,B+,78.04,11.81,-3.87,7.61,6.39,0.42,24.22,7.32,27.69,129.26
25,理财范,B+,77.89,8.2,15.18,9.52,3.53,0.79,24.22,4.55,8.24,11.02
26,团贷网,B+,77.45,7.13,3.19,10.71,16.19,1.12,25.56,3.15,5.46,1.32
27,金开贷,B+,76.46,14.93,-136.3,7.64,0.55,0.87,0.15,5.5,13.98,4.76
28,红岭创投,B+,76.15,6.91,-3.0,7.94,26.05,0.26,25.56,2.38,6.78,166.92
29,链链金融,B+,75.5,99.7,18.53,6.0,0.74,0.22,24.22,1.36,3.95,11.53
30,广州e贷,B+,75.3,9.87,-64.85,9.05,0.59,0.59,25.56,1.04,6.66,2.24
31,短融网,B+,74.63,4.88,23.73,10.37,1.48,0.52,24.22,11.74,3.71,6.23
32,银湖网,B+,74.55,1.74,-216.69,12.03,0.13,2.39,24.22,0.21,0.36,1.12
33,道口贷,B+,73.89,11.77,-0.38,8.59,2.35,0.47,24.22,4.13,9.14,66.56
34,生菜金融,B+,73.37,3.68,-0.83,8.79,3.03,0.21,24.31,1.16,4.54,3.29
35,91旺财,B+,73.23,11.04,-7.37,7.64,5.71,0.21,24.22,1.73,9.29,144.41
36,恒大金服,B+,72.61,90.18,37.52,7.2,2.94,1.84,25.56,4.59,13.61,0.11
37,鑫合汇,B+,72.05,14.47,6.7,7.78,35.9,0.21,15.66,7.97,34.58,84.28
38,人人聚财,B+,71.87,6.18,11.52,10.13,2.61,0.82,25.56,8.95,2.72,29.39
39,铜掌柜,B+,71.63,4.21,22.12,8.75,5.26,0.67,15.66,9.18,18.17,17.13
40,奇乐融,B+,70.7,4.13,-76.9,7.05,0.34,0.67,0.47,0.88,2.04,4.3
41,诺诺镑客,B+,70.45,9.26,14.08,11.28,1.82,1.93,24.31,0.64,0.87,15.93
42,融金所,B+,70.04,7.2,23.55,11.89,4.29,0.85,25.56,2.04,4.29,37.16
43,玖融网,B,69.61,5.46,25.67,11.8,0.72,1.36,0.93,2.2,3.62,6.78
44,银豆网,B,69.46,8.78,59.68,12.83,2.08,1.47,24.22,1.8,6.88,5.77
45,理想宝,B,69.18,5.79,23.41,10.69,3.28,0.42,25.56,4.85,8.88,6.49
46,博金贷,B,68.79,6.43,69.25,5.69,6.63,0.24,0.4,3.64,12.98,9.41
47,和信贷,B,68.6,8.25,25.26,13.04,2.03,1.15,24.22,4.69,7.2,8.12
48,钜宝盆,B,68.29,12.49,-29.93,8.0,2.86,4.34,24.31,0.87,2.75,6.5
49,中瑞财富,B,67.96,8.82,4.57,7.26,1.9,0.23,24.22,9.24,27.23,0.59
50,联连理财,B,67.19,22.98,11.66,10.49,4.3,0.24,24.31,0.31,0.64,4.71
51,万盈金融,B,66.89,13.92,41.74,12.61,1.6,1.32,25.56,2.99,5.72,3.14
52,付融宝,B,66.68,6.4,53.94,9.79,3.49,0.71,3.02,15.59,8.18,11.22
53,广信贷,B,66.66,19.38,11.04,11.7,1.89,0.74,24.22,1.99,4.79,20.15
54,友金所,B,66.2,51.7,67.17,9.0,1.36,4.21,25.56,7.6,4.64,3.62
55,珠宝贷,B,65.73,5.94,-16.31,10.69,2.38,0.41,25.56,8.32,17.5,2.17
56,口袋理财,B,65.59,18.6,2.63,8.23,26.28,0.35,24.31,0.31,0.56,37.76
57,拓道金服,B,64.68,11.16,15.32,11.46,1.71,0.5,15.66,1.23,2.68,6.81
58,抱财网,B,64.25,5.79,24.26,11.82,1.27,0.93,24.22,9.27,14.89,10.59
59,首金网,B,64.09,30.42,25.46,8.41,14.19,0.38,24.22,3.17,12.25,16.63
60,果树财富,B,63.92,11.25,2.72,14.01,0.47,0.62,25.56,2.04,2.35,2.23
61,汉金所,B,63.82,5.77,-41.45,8.04,0.5,0.81,0.93,3.3,8.72,5.75
62,合拍在线,B,63.65,4.8,11.79,10.57,1.71,0.51,25.56,10.44,22.55,6.53
63,腾邦创投,B,63.15,1.93,-76.57,14.9,0.65,0.02,25.56,0.86,33.05,18.48
64,今日捷财,B,62.62,6.1,24.54,9.14,0.48,0.62,24.31,2.81,6.07,2.02
65,金联储,B,62.15,8.7,17.0,10.11,6.68,0.34,24.22,20.17,38.2,13.42
66,信融财富,B,62.1,4.88,45.23,13.3,2.21,1.16,25.56,0.79,1.99,11.79
67,向上金服,B,61.8,1.08,99.04,10.12,22.22,0.23,24.22,7.21,24.24,2.4
68,口贷网,B,61.36,6.12,-22.8,16.35,0.68,0.59,2.1,9.77,24.44,10.09
69,看看钱包,B,61.12,7.0,45.72,8.52,0.19,0.49,0.22,23.4,38.29,2.44
70,华人金融,B,60.76,5.07,13.8,8.65,4.06,0.5,25.56,21.96,46.33,1.01
