序号,平台名称,等级,得分,偿兑性,资金流入率,利率,运营,期限,地域性,投资,借款,流动性
1,陆金所,A+,93.91,37.15,-5.61,8.04,90.19,5.05,14.47,1.01,5.75,1.34
2,开鑫贷,A+,89.15,28.1,-65.38,8.13,12.22,1.68,2.36,4.39,135.58,61.8
3,宜人贷,A+,88.07,36.45,2.9,11.59,19.1,5.48,28.27,7.61,6.84,52.76
4,点融网,A+,87.24,41.66,20.09,8.0,10.49,1.69,14.47,8.22,144.73,6.44
5,拍拍贷,A+,87.19,30.13,17.0,14.9,0.75,1.38,14.47,3.33,1.24,21.55
6,人人贷,A+,86.59,32.82,58.4,9.85,11.21,4.12,28.27,13.21,14.18,60.1
7,微贷网,A+,85.6,36.53,10.2,10.42,30.88,0.42,10.85,1.4,6.42,7.24
8,宜贷网,A,84.43,43.63,1.86,10.65,56.3,0.2,2.41,2.58,60.15,4.36
9,投哪网,A,84.35,25.12,20.4,10.45,18.04,0.97,31.09,4.92,7.16,19.78
10,积木盒子,A,84.26,26.42,1.34,8.33,10.87,0.88,28.27,0.23,0.33,76.84
11,翼龙贷网,A,83.78,47.76,43.78,11.22,29.49,1.8,28.27,2.0,8.8,146.09
12,有利网,A,83.73,44.58,36.07,10.18,12.77,2.95,28.27,1.87,0.92,155.25
13,小牛在线,A,82.19,68.52,29.83,12.19,79.44,0.71,31.09,30.16,64.08,70.73
14,PPmoney,A,81.34,43.36,5.35,9.17,100.0,0.34,31.09,4.96,18.19,75.55
15,麻袋理财,A,80.76,57.38,12.18,11.62,28.73,4.95,14.47,1.29,2.21,88.3
16,你我贷,A,80.16,38.61,56.47,11.75,20.84,4.62,14.47,0.34,0.42,41.83
17,爱钱进,A,80.05,45.82,90.61,13.46,17.41,5.71,28.27,4.82,4.85,17.78
18,链家理财,B+,79.92,35.95,21.38,8.04,111.13,0.34,28.27,3.75,68.67,51.85
19,红岭创投,B+,79.84,26.13,-0.92,9.75,72.24,0.3,31.09,11.1,86.1,145.62
20,银湖网,B+,78.79,43.75,54.05,10.91,6.26,2.06,28.27,13.56,22.45,1.76
21,爱投资,B+,77.24,34.62,6.66,11.94,16.46,1.66,28.27,11.82,25.16,83.87
22,鑫合汇,B+,77.12,24.02,-0.53,8.88,66.78,0.15,10.85,321.56,202.48,96.85
23,短融网,B+,76.73,34.98,7.53,10.89,4.95,0.32,28.27,171.69,28.64,0.72
24,银客网,B+,75.97,23.03,-73.16,9.48,8.42,0.78,28.27,38.68,194.88,44.04
25,德众金融,B+,75.56,42.93,60.98,9.04,6.54,3.2,0.62,8.82,72.4,59.02
26,北京众信金融,B+,74.91,24.01,50.58,10.63,15.11,1.1,28.27,85.16,935.55,230.85
27,诺诺镑客,B+,74.06,48.77,79.88,11.52,3.68,3.73,14.47,0.56,1.09,12.94
28,金开贷,B+,73.04,19.84,46.51,6.54,1.99,0.91,0.23,21.95,327.05,41.9
29,金宝保,B+,72.99,34.47,30.31,7.71,7.91,1.3,1.1,7.87,433.12,45.31
30,珠宝贷,B+,72.6,27.17,-6.27,13.33,9.95,0.5,31.09,130.85,572.14,0.34
31,合拍在线,B+,72.54,20.71,10.82,12.72,4.95,0.42,31.09,90.85,237.92,1.65
32,皮城金融,B+,71.74,39.57,58.09,7.7,12.47,0.81,10.85,17.19,465.86,10.59
33,民贷天下,B+,71.07,44.57,6.26,8.68,17.89,0.43,31.09,176.39,1540.77,3.58
34,信融财富,B,69.97,36.89,38.87,15.95,8.08,1.06,31.09,4.52,11.02,98.5
35,团贷网,B,69.86,48.18,14.04,12.66,28.39,0.8,31.09,1.29,5.33,26.33
36,腾邦创投,B,69.19,38.9,27.59,13.87,9.04,0.82,31.09,45.03,505.94,85.7
37,理想宝,B,68.99,30.92,8.02,12.45,11.79,0.69,31.09,111.87,172.41,3.36
38,银豆网,B,68.43,29.22,27.13,13.85,2.89,1.89,28.27,57.74,362.87,105.75
39,玖融网,B,67.91,28.62,10.71,14.59,1.63,0.81,1.1,6.23,10.99,3.67
40,网利宝,B,67.89,41.6,14.16,10.98,14.95,0.52,28.27,653.69,1287.3,7.42
41,铜掌柜,B,67.47,37.93,-8.22,10.33,29.3,0.29,10.85,147.2,364.13,10.09
42,一起好,B,66.34,34.18,-0.3,14.71,6.54,0.96,1.1,5.03,15.11,32.92
43,鹏金所,B,65.28,39.68,-3.33,7.58,23.93,0.57,31.09,87.65,468.8,0.89
44,91旺财,B,64.82,26.86,-5.91,8.16,8.59,0.28,28.27,6.97,155.32,1.42
45,招商贷,B,64.58,25.85,11.41,13.26,7.23,0.78,0.45,26.26,90.42,3.11
46,道口贷,B,64.45,38.93,13.52,8.84,7.41,0.71,28.27,17.46,122.81,19.32
47,邦帮堂,B,64.11,16.98,78.29,10.3,1.9,1.47,28.27,30.48,87.75,1.25
48,金融工场,B,64.04,32.24,-27.07,9.45,14.04,0.53,28.27,1122.54,2153.79,61.71
49,向上金服,B,63.64,55.82,24.53,9.14,50.73,0.45,28.27,224.95,865.04,5.46
50,温州贷,B,63.13,11.98,-21.54,8.66,3.01,0.22,14.47,13.33,81.3,9.53
51,抱财网,B,62.66,49.84,-28.51,12.4,5.0,0.62,28.27,303.68,728.82,4.99
52,金联储,B,62.25,42.04,11.39,9.42,16.67,0.35,28.27,941.22,1205.4,3.42
53,生菜金融,B,61.2,34.56,45.98,8.84,1.92,0.8,14.47,11.25,13.8,12.73
54,付融宝,B,61.13,50.44,6.03,11.54,5.76,0.77,2.36,157.39,251.01,60.57
55,中瑞财富,B,60.93,26.61,-11.69,9.85,8.64,0.41,28.27,159.99,579.13,2.41
56,友金所,B,60.85,66.56,80.25,10.0,5.8,5.56,31.09,14.02,77.02,8.18
57,钜宝盆,B,60.83,78.69,273.09,10.04,6.81,4.9,14.47,2.0,5.32,14.51
58,黄河金融,B,60.41,35.33,74.89,9.29,5.56,1.43,10.85,17.43,199.74,34.88
59,广州e贷,B,60.34,33.79,26.17,12.38,5.67,1.15,31.09,23.87,100.35,0.87
60,和信贷,B,60.05,23.44,47.87,13.93,4.52,0.89,28.27,34.36,69.93,5.31
